INFORMATION_NEED 101-4
precision 0.467
recall 0.182
F1 0.262
prec@10 0.700
average_precision 0.816
recall_precision
0.013	1.000
0.026	1.000
0.039	1.000
0.052	1.000
0.065	1.000
0.078	0.750
0.091	0.700
0.104	0.727
0.117	0.750
0.130	0.769
0.143	0.786
0.156	0.706
0.169	0.650
0.182	0.583
interpolated_recall_precision
0.000	1.000
0.100	0.786
0.200	0.000
0.300	0.000
0.400	0.000
0.500	0.000
0.600	0.000
0.700	0.000
0.800	0.000
0.900	0.000
1.000	0.000

INFORMATION_NEED 106-4
precision 0.510
recall 0.347
F1 0.413
prec@10 0.600
average_precision 0.583
recall_precision
0.013	0.500
0.027	0.667
0.040	0.750
0.053	0.800
0.067	0.556
0.080	0.600
0.093	0.500
0.107	0.533
0.120	0.562
0.133	0.556
0.147	0.579
0.160	0.600
0.173	0.619
0.187	0.609
0.200	0.577
0.213	0.593
0.227	0.607
0.240	0.581
0.253	0.576
0.267	0.571
0.280	0.568
0.293	0.550
0.307	0.535
0.320	0.522
0.333	0.532
0.347	0.520
interpolated_recall_precision
0.000	0.800
0.100	0.619
0.200	0.607
0.300	0.535
0.400	0.000
0.500	0.000
0.600	0.000
0.700	0.000
0.800	0.000
0.900	0.000
1.000	0.000

INFORMATION_NEED 206-4
precision 0.647
recall 0.143
F1 0.234
prec@10 0.700
average_precision 0.815
recall_precision
0.013	1.000
0.026	1.000
0.039	1.000
0.052	0.800
0.065	0.714
0.078	0.750
0.091	0.778
0.104	0.727
0.117	0.750
0.130	0.714
0.143	0.733
interpolated_recall_precision
0.000	1.000
0.100	0.750
0.200	0.000
0.300	0.000
0.400	0.000
0.500	0.000
0.600	0.000
0.700	0.000
0.800	0.000
0.900	0.000
1.000	0.000

INFORMATION_NEED 209-2
precision 0.560
recall 0.219
F1 0.315
prec@10 0.500
average_precision 0.565
recall_precision
0.016	1.000
0.031	0.667
0.047	0.429
0.062	0.500
0.078	0.556
0.094	0.462
0.109	0.500
0.125	0.500
0.141	0.529
0.156	0.526
0.172	0.550
0.188	0.545
0.203	0.565
0.219	0.583
interpolated_recall_precision
0.000	1.000
0.100	0.583
0.200	0.583
0.300	0.000
0.400	0.000
0.500	0.000
0.600	0.000
0.700	0.000
0.800	0.000
0.900	0.000
1.000	0.000

INFORMATION_NEED 305-4
precision 0.060
recall 0.109
F1 0.077
prec@10 0.300
average_precision 0.328
recall_precision
0.018	0.500
0.036	0.667
0.055	0.600
0.073	0.078
0.091	0.056
0.109	0.064
interpolated_recall_precision
0.000	0.667
0.100	0.064
0.200	0.000
0.300	0.000
0.400	0.000
0.500	0.000
0.600	0.000
0.700	0.000
0.800	0.000
0.900	0.000
1.000	0.000

TOTAL
precision 0.449
recall 0.200
F1 0.260
prec@10 0.560
MAP 0.621
interpolated_recall_precision
0.000	0.893
0.100	0.560
0.200	0.238
0.300	0.107
0.400	0.000
0.500	0.000
0.600	0.000
0.700	0.000
0.800	0.000
0.900	0.000
1.000	0.000
