INFORMATION_NEED 101-4
precision 0.100
recall 0.065
F1 0.079
prec@10 0.200
average_precision 0.254
recall_precision
0.013	0.250
0.026	0.286
0.039	0.273
0.052	0.333
0.065	0.128
interpolated_recall_precision
0.000	0.333
0.100	0.000
0.200	0.000
0.300	0.000
0.400	0.000
0.500	0.000
0.600	0.000
0.700	0.000
0.800	0.000
0.900	0.000
1.000	0.000

INFORMATION_NEED 106-4
precision 0.880
recall 0.587
F1 0.704
prec@10 0.900
average_precision 0.897
recall_precision
0.013	1.000
0.027	1.000
0.040	0.750
0.053	0.800
0.067	0.833
0.080	0.857
0.093	0.875
0.107	0.889
0.120	0.900
0.133	0.909
0.147	0.846
0.160	0.857
0.173	0.867
0.187	0.875
0.200	0.882
0.213	0.889
0.227	0.895
0.240	0.900
0.253	0.905
0.267	0.909
0.280	0.913
0.293	0.917
0.307	0.920
0.320	0.923
0.333	0.926
0.347	0.929
0.360	0.931
0.373	0.933
0.387	0.935
0.400	0.938
0.413	0.912
0.427	0.914
0.440	0.892
0.453	0.895
0.467	0.897
0.480	0.900
0.493	0.902
0.507	0.905
0.520	0.907
0.533	0.909
0.547	0.891
0.560	0.894
0.573	0.878
0.587	0.880
interpolated_recall_precision
0.000	1.000
0.100	0.938
0.200	0.938
0.300	0.938
0.400	0.938
0.500	0.909
0.600	0.000
0.700	0.000
0.800	0.000
0.900	0.000
1.000	0.000

INFORMATION_NEED 206-4
precision 0.020
recall 0.013
F1 0.016
prec@10 0.100
average_precision 1.000
recall_precision
0.013	1.000
interpolated_recall_precision
0.000	1.000
0.100	0.000
0.200	0.000
0.300	0.000
0.400	0.000
0.500	0.000
0.600	0.000
0.700	0.000
0.800	0.000
0.900	0.000
1.000	0.000

INFORMATION_NEED 209-2
precision 0.280
recall 0.219
F1 0.246
prec@10 0.300
average_precision 0.432
recall_precision
0.016	1.000
0.031	0.500
0.047	0.429
0.062	0.286
0.078	0.294
0.094	0.333
0.109	0.350
0.125	0.364
0.141	0.375
0.156	0.400
0.172	0.423
0.188	0.444
0.203	0.419
0.219	0.424
interpolated_recall_precision
0.000	1.000
0.100	0.444
0.200	0.424
0.300	0.000
0.400	0.000
0.500	0.000
0.600	0.000
0.700	0.000
0.800	0.000
0.900	0.000
1.000	0.000

INFORMATION_NEED 305-4
precision 0.220
recall 0.200
F1 0.210
prec@10 0.200
average_precision 0.212
recall_precision
0.018	0.250
0.036	0.200
0.055	0.273
0.073	0.211
0.091	0.185
0.109	0.167
0.127	0.184
0.145	0.195
0.164	0.214
0.182	0.227
0.200	0.224
interpolated_recall_precision
0.000	0.273
0.100	0.227
0.200	0.224
0.300	0.000
0.400	0.000
0.500	0.000
0.600	0.000
0.700	0.000
0.800	0.000
0.900	0.000
1.000	0.000

TOTAL
precision 0.300
recall 0.217
F1 0.251
prec@10 0.340
MAP 0.559
interpolated_recall_precision
0.000	0.721
0.100	0.322
0.200	0.317
0.300	0.188
0.400	0.188
0.500	0.182
0.600	0.000
0.700	0.000
0.800	0.000
0.900	0.000
1.000	0.000
