INFORMATION_NEED 101-4
precision 0.464
recall 0.169
F1 0.248
prec@10 0.500
average_precision 0.542
recall_precision
0.013	1.000
0.026	0.500
0.039	0.500
0.052	0.500
0.065	0.556
0.078	0.429
0.091	0.467
0.104	0.500
0.117	0.500
0.130	0.526
0.143	0.524
0.156	0.545
0.169	0.500
interpolated_recall_precision
0.000	1.000
0.100	0.545
0.200	0.000
0.300	0.000
0.400	0.000
0.500	0.000
0.600	0.000
0.700	0.000
0.800	0.000
0.900	0.000
1.000	0.000

INFORMATION_NEED 106-4
precision 0.390
recall 0.520
F1 0.446
prec@10 0.500
average_precision 0.478
recall_precision
0.013	0.333
0.027	0.500
0.040	0.600
0.053	0.667
0.067	0.714
0.080	0.545
0.093	0.583
0.107	0.615
0.120	0.643
0.133	0.625
0.147	0.458
0.160	0.480
0.173	0.500
0.187	0.519
0.200	0.536
0.213	0.471
0.227	0.425
0.240	0.429
0.253	0.422
0.267	0.392
0.280	0.404
0.293	0.415
0.307	0.426
0.320	0.436
0.333	0.446
0.347	0.456
0.360	0.458
0.373	0.438
0.387	0.439
0.400	0.448
0.413	0.431
0.427	0.438
0.440	0.434
0.453	0.415
0.467	0.422
0.480	0.429
0.493	0.420
0.507	0.427
0.520	0.394
interpolated_recall_precision
0.000	0.714
0.100	0.643
0.200	0.536
0.300	0.458
0.400	0.448
0.500	0.427
0.600	0.000
0.700	0.000
0.800	0.000
0.900	0.000
1.000	0.000

INFORMATION_NEED 206-4
precision 0.870
recall 0.519
F1 0.650
prec@10 0.900
average_precision 0.905
recall_precision
0.013	1.000
0.026	1.000
0.039	1.000
0.052	1.000
0.065	0.833
0.078	0.857
0.091	0.875
0.104	0.889
0.117	0.900
0.130	0.909
0.143	0.917
0.156	0.923
0.169	0.929
0.182	0.933
0.195	0.938
0.208	0.941
0.221	0.944
0.234	0.947
0.247	0.950
0.260	0.952
0.273	0.955
0.286	0.957
0.299	0.958
0.312	0.923
0.325	0.926
0.338	0.929
0.351	0.871
0.364	0.824
0.377	0.829
0.390	0.833
0.403	0.838
0.416	0.842
0.429	0.846
0.442	0.850
0.455	0.854
0.468	0.857
0.481	0.860
0.494	0.864
0.506	0.867
0.519	0.870
interpolated_recall_precision
0.000	1.000
0.100	0.958
0.200	0.958
0.300	0.929
0.400	0.870
0.500	0.870
0.600	0.000
0.700	0.000
0.800	0.000
0.900	0.000
1.000	0.000

INFORMATION_NEED 209-2
precision 0.096
recall 0.141
F1 0.114
prec@10 0.000
average_precision 0.144
recall_precision
0.016	0.083
0.031	0.105
0.047	0.143
0.062	0.167
0.078	0.152
0.094	0.167
0.109	0.159
0.125	0.151
0.141	0.167
interpolated_recall_precision
0.000	0.167
0.100	0.167
0.200	0.000
0.300	0.000
0.400	0.000
0.500	0.000
0.600	0.000
0.700	0.000
0.800	0.000
0.900	0.000
1.000	0.000

INFORMATION_NEED 305-4
precision 0.083
recall 0.109
F1 0.094
prec@10 0.200
average_precision 0.165
recall_precision
0.018	0.333
0.036	0.222
0.055	0.188
0.073	0.093
0.091	0.074
0.109	0.083
interpolated_recall_precision
0.000	0.333
0.100	0.083
0.200	0.000
0.300	0.000
0.400	0.000
0.500	0.000
0.600	0.000
0.700	0.000
0.800	0.000
0.900	0.000
1.000	0.000

TOTAL
precision 0.381
recall 0.292
F1 0.310
prec@10 0.420
MAP 0.447
interpolated_recall_precision
0.000	0.643
0.100	0.479
0.200	0.299
0.300	0.277
0.400	0.263
0.500	0.259
0.600	0.000
0.700	0.000
0.800	0.000
0.900	0.000
1.000	0.000
